"year","country","subArea","fleet","landings","discards"
2004,"Belgium","27.7.f","OTB_CRU",0.46,0.00177118699637993
2004,"Belgium","27.7.f","TBB_DEF",149.244,26.868
2004,"Belgium","27.7.g","OTB_CRU",3.314,0.0127602471869632
2004,"France","27.7.e","MIS_MIS",25.66844,6.02880117783267
2004,"France","27.7.e","OTB_CRU",150.36181,0
2004,"France","27.7.e","OTB_DEF_100-119",307.44582,17.4183981818196
2004,"France","27.7.e","OTB_DEF_70-99_0",63.41348,0
2004,"France","27.7.g","MIS_MIS",18.65371,4.38123660101467
2004,"France","27.7.g","OTB_CRU",588.93424,0
2004,"France","27.7.g","OTB_DEF_100-119",1545.37953,87.5537549854256
2004,"France","27.7.g","OTB_DEF_70-99_0",189.47702,0
2004,"France","27.7.g","TBB_DEF",0.6186,0.303347443056385
2004,"France","27.7.h","MIS_MIS",1.62566,0.381822226935313
2004,"France","27.7.h","OTB_CRU",0.1507,0
2004,"France","27.7.h","OTB_DEF_100-119",9.42784,0.534135969435156
2004,"France","27.7.h","OTB_DEF_70-99_0",32.95359,0
2004,"France","27.7.h","TBB_DEF",0.04,0.019615094927668
2004,"Ireland","27.7.g","MIS_MIS",194.721,45.734536035254
2004,"Ireland","27.7.g","OTB_CRU",85.088,13.3830220689655
2004,"Ireland","27.7.g","OTB_DEF_100-119",25.646,4.03363726381511
2004,"Ireland","27.7.g","OTB_DEF_70-99_0",112.535,17.6996537825059
2004,"Ireland","27.7.g","SSC_DEF",80.304,10.83218
2004,"Ireland","27.7.g","TBB_DEF",116.915,57.3324705867075
2004,"Ireland","27.7.j","MIS_MIS",0.1,0.0234872130048911
2004,"Ireland","27.7.j","OTB_CRU",1.624,0.25543
2004,"Ireland","27.7.j","OTB_DEF_100-119",18.259,2.8718
2004,"Ireland","27.7.j","OTB_DEF_70-99_0",21.996,3.45956
2004,"Netherlands","27.7.e","MIS_MIS",0.565,0.132702753477635
2004,"Netherlands","27.7.e","SSC_DEF",0.303,0.0408715697848177
2004,"UK (England)","27.7.e","MIS_MIS",28.734,6.74881578482541
2004,"UK (England)","27.7.e","OTB_CRU",5.519,0.0212503935500453
2004,"UK (England)","27.7.e","OTB_DEF_100-119",2.19,0.135317652942224
2004,"UK (England)","27.7.e","OTB_DEF_70-99_0",34.567,48.963
2004,"UK (England)","27.7.e","TBB_DEF",26.131,16.2322294377297
2004,"UK (England)","27.7.f","MIS_MIS",19.384,4.55276136886809
2004,"UK (England)","27.7.f","OTB_CRU",0.486,0.00187129756574053
2004,"UK (England)","27.7.f","OTB_DEF_100-119",4.171,0.257721429416446
2004,"UK (England)","27.7.f","OTB_DEF_70-99_0",8.371,11.8572416755865
2004,"UK (England)","27.7.f","TBB_DEF",26.838,43.948768713457
2004,"UK (England)","27.7.g","MIS_MIS",38.658,9.07968680343081
2004,"UK (England)","27.7.g","OTB_CRU",0.037,0.000142465041013168
2004,"UK (England)","27.7.g","OTB_DEF_100-119",10.585,0.654035322554083
2004,"UK (England)","27.7.g","OTB_DEF_70-99_0",2.129,3.01565733213759
2004,"UK (England)","27.7.g","TBB_DEF",14.539,19.9041660927642
2004,"UK (England)","27.7.h","MIS_MIS",15.931,3.7417479038092
2004,"UK (England)","27.7.h","OTB_CRU",0.018,6.93073172496493e-05
2004,"UK (England)","27.7.h","OTB_DEF_100-119",0.242,0.0149529095945289
2004,"UK (England)","27.7.h","OTB_DEF_70-99_0",0.36,0.509927965979113
2004,"UK (England)","27.7.h","TBB_DEF",29.547,71.3974346097849
2004,"UK (England)","27.7.j","MIS_MIS",2.117,0.497224299313545
2004,"UK (England)","27.7.j","OTB_DEF_100-119",9.854,0.608867649357386
2004,"UK (England)","27.7.j","OTB_DEF_70-99_0",0.925,1.31023157925189
2004,"UK(Scotland)","27.7.g","OTB_CRU",0.002,7.70081302773882e-06
2005,"Belgium","27.7.f","OTB_CRU",1.099,0.391378393098513
2005,"Belgium","27.7.f","TBB_DEF",181.112,28.212
2005,"Belgium","27.7.g","OTB_CRU",3.437,1.22399229943548
2005,"Belgium","27.7.h","OTB_CRU",0.152,0.0541305875805041
2005,"France","27.7.e","MIS_MIS",32.9731,15.1548116607888
2005,"France","27.7.e","OTB_CRU",151.10412,20.7315737746995
2005,"France","27.7.e","OTB_DEF_100-119",304.01348,58.615331327888
2005,"France","27.7.e","OTB_DEF_70-99_0",74.72935,40.0519057698761
2005,"France","27.7.e","TBB_DEF",0.0341,0.0103859678156252
2005,"France","27.7.g","MIS_MIS",15.50927,7.12823683082032
2005,"France","27.7.g","OTB_CRU",409.51922,56.1862768638432
2005,"France","27.7.g","OTB_DEF_100-119",861.206,166.04485772001
2005,"France","27.7.g","OTB_DEF_70-99_0",252.34671,135.247618910887
2005,"France","27.7.g","TBB_DEF",0.06471,0.019708972942789
2005,"France","27.7.h","MIS_MIS",0.43107,0.198124673221997
2005,"France","27.7.h","OTB_DEF_100-119",1.22177,0.235563414347527
2005,"France","27.7.h","OTB_DEF_70-99_0",5.18616,2.77957176969291
2005,"France","27.7.h","TBB_DEF",0.01055,0.00321325397228286
2005,"France","27.7.j","MIS_MIS",2.25643,1.03708088337929
2005,"France","27.7.j","OTB_CRU",0.01362,0.00186867197804671
2005,"France","27.7.j","OTB_DEF_100-119",4.6474,0.896042145279961
2005,"France","27.7.j","OTB_DEF_70-99_0",11.94183,6.40033734911223
2005,"France","27.7.j","TBB_DEF",0.0062,0.00188835778465912
2005,"Ireland","27.7.g","MIS_MIS",165.937,76.2665318867898
2005,"Ireland","27.7.g","OTB_CRU",129.923,84.39424
2005,"Ireland","27.7.g","OTB_DEF_100-119",34.736,22.5635
2005,"Ireland","27.7.g","OTB_DEF_70-99_0",185.247,120.33111
2005,"Ireland","27.7.g","SSC_DEF",113.32,212.75555
2005,"Ireland","27.7.g","TBB_DEF",175.049,53.3153454591604
2005,"Ireland","27.7.j","MIS_MIS",0.301,0.138343022339344
2005,"Ireland","27.7.j","OTB_CRU",1.127,0.21765
2005,"Ireland","27.7.j","OTB_DEF_100-119",28.526,5.50913
2005,"Ireland","27.7.j","OTB_DEF_70-99_0",21.146,4.08386
2005,"Netherlands","27.7.e","MIS_MIS",0.01,0.00459611369898153
2005,"Netherlands","27.7.e","SSC_DEF",0.625,1.17342233277444
2005,"UK (England)","27.7.e","MIS_MIS",23.013,16.1976191210486
2005,"UK (England)","27.7.e","OTB_CRU",3.406,1.21295250854735
2005,"UK (England)","27.7.e","OTB_DEF_100-119",3.786,0.848029837249243
2005,"UK (England)","27.7.e","OTB_DEF_70-99_0",35.392,5.172
2005,"UK (England)","27.7.e","TBB_DEF",29.486,59.0277110467313
2005,"UK (England)","27.7.f","MIS_MIS",31.292,22.0247641566007
2005,"UK (England)","27.7.f","OTB_CRU",0.659,0.234684586944422
2005,"UK (England)","27.7.f","OTB_DEF_100-119",3.122,0.699299828814616
2005,"UK (England)","27.7.f","OTB_DEF_70-99_0",25.672,3.7515705244123
2005,"UK (England)","27.7.f","TBB_DEF",22.326,44.6941828945711
2005,"UK (England)","27.7.g","MIS_MIS",44.401,31.2514877066735
2005,"UK (England)","27.7.g","OTB_CRU",0.189,0.0673071121889163
2005,"UK (England)","27.7.g","OTB_DEF_100-119",4.198,0.94031411959121
2005,"UK (England)","27.7.g","OTB_DEF_70-99_0",0.393,0.0574309448462929
2005,"UK (England)","27.7.g","TBB_DEF",11.77,35.6235393626401
2005,"UK (England)","27.7.h","MIS_MIS",11.065,7.78806133813073
2005,"UK (England)","27.7.h","OTB_DEF_100-119",2.877,0.644422039557863
2005,"UK (England)","27.7.h","OTB_DEF_70-99_0",1.763,0.25763551084991
2005,"UK (England)","27.7.h","TBB_DEF",40.222,68.458694671873
2005,"UK (England)","27.7.j","MIS_MIS",3.226,2.27060875524715
2005,"UK (England)","27.7.j","OTB_DEF_100-119",9.226,2.0665407497257
2005,"UK (England)","27.7.j","OTB_DEF_70-99_0",0.898,0.131228978300181
2005,"UK (England)","27.7.j","TBB_DEF",0.545,1.09102972666583
2006,"Belgium","27.7.e","OTB_CRU",0.009,0.008471001775596
2006,"Belgium","27.7.f","OTB_CRU",0.346,0.325662957150691
2006,"Belgium","27.7.f","TBB_DEF",91.41,37.302
2006,"Belgium","27.7.g","OTB_CRU",9.175,8.63571569901037
2006,"Belgium","27.7.h","OTB_CRU",0.143,0.134594805990025
2006,"France","27.7.e","MIS_MIS",33.07252,14.1228579698553
2006,"France","27.7.e","OTB_CRU",122.86281,115.641231296079
2006,"France","27.7.e","OTB_DEF_100-119",361.73047,29.8985889469458
2006,"France","27.7.e","OTB_DEF_70-99_0",75.15188,65.8640191392432
2006,"France","27.7.g","MIS_MIS",21.82192,9.31854835342284
2006,"France","27.7.g","OTB_CRU",435.3017,409.715719291106
2006,"France","27.7.g","OTB_DEF_100-119",1046.43712,86.4925570403451
2006,"France","27.7.g","OTB_DEF_70-99_0",316.19668,277.118605459839
2006,"France","27.7.g","TBB_DEF",0.4267,0.391335529538441
2006,"France","27.7.j","MIS_MIS",2.48504,1.0611790988231
2006,"France","27.7.j","OTB_CRU",0.06137,0.0577628198853696
2006,"France","27.7.j","OTB_DEF_100-119",2.99899,0.247879503393787
2006,"France","27.7.j","OTB_DEF_70-99_0",12.51953,10.9722679397286
2006,"Ireland","27.7.g","MIS_MIS",215.165,91.8812577657797
2006,"Ireland","27.7.g","OTB_CRU",153.188,144.18398
2006,"Ireland","27.7.g","OTB_DEF_100-119",77.965,73.38242
2006,"Ireland","27.7.g","OTB_DEF_70-99_0",208.727,196.45854
2006,"Ireland","27.7.g","SSC_DEF",122.002,52.098144261105
2006,"Ireland","27.7.g","TBB_DEF",169.181,155.159447440457
2006,"Ireland","27.7.j","OTB_CRU",2.662,2.50553408073739
2006,"Ireland","27.7.j","OTB_DEF_100-119",27.989,26.3438793481691
2006,"Ireland","27.7.j","OTB_DEF_70-99_0",18.342,17.2639023254299
2006,"Netherlands","27.7.e","OTB_DEF_70-99_0",0.04,0.0350564851547257
2006,"Netherlands","27.7.e","SSC_DEF",3.102,1.32463765756256
2006,"Netherlands","27.7.f","MIS_MIS",0.2,0.0854053937822413
2006,"Netherlands","27.7.g","MIS_MIS",0.08,0.0341621575128965
2006,"UK (England)","27.7.e","MIS_MIS",40.289,17.2044895504636
2006,"UK (England)","27.7.e","OTB_CRU",1.117,1.05134544259341
2006,"UK (England)","27.7.e","OTB_DEF_100-119",2.099,0.327479689112231
2006,"UK (England)","27.7.e","OTB_DEF_70-99_0",45.135,12.3283925704602
2006,"UK (England)","27.7.e","SSC_DEF",0.02,0.00854053937822413
2006,"UK (England)","27.7.e","TBB_DEF",30.361,49.9070809508513
2006,"UK (England)","27.7.f","MIS_MIS",36.108,15.4190897934458
2006,"UK (England)","27.7.f","OTB_CRU",1.35,1.2706502663394
2006,"UK (England)","27.7.f","OTB_DEF_100-119",0.572,0.0892417256656483
2006,"UK (England)","27.7.f","OTB_DEF_70-99_0",27.806,7.59506555476275
2006,"UK (England)","27.7.f","TBB_DEF",14.914,81.8129533717166
2006,"UK (England)","27.7.g","MIS_MIS",72.308,30.8774660680315
2006,"UK (England)","27.7.g","OTB_DEF_100-119",5.154,0.804111633008307
2006,"UK (England)","27.7.g","OTB_DEF_70-99_0",0.65,0.177544149125937
2006,"UK (England)","27.7.g","SSC_DEF",0.092,0.039286481139831
2006,"UK (England)","27.7.g","TBB_DEF",12.649,27.8562714917591
2006,"UK (England)","27.7.h","MIS_MIS",8.549,3.6506535572219
2006,"UK (England)","27.7.h","OTB_DEF_100-119",4.327,0.675085571600106
2006,"UK (England)","27.7.h","OTB_DEF_70-99_0",0.598,0.163340617195862
2006,"UK (England)","27.7.h","TBB_DEF",33.821,30.0551161382787
2006,"UK (England)","27.7.j","MIS_MIS",5.144,2.19662672807925
2006,"UK (England)","27.7.j","OTB_DEF_100-119",22.419,3.49774518828351
2006,"UK (England)","27.7.j","OTB_DEF_70-99_0",2.088,0.57032643596147
2006,"UK (England)","27.7.j","TBB_DEF",0.423,0.874315673725568
2006,"UK (England)","27.7.k","OTB_DEF_100-119",0.004,0.000624068011647891
2006,"UK(Scotland)","27.7.e","OTB_CRU",0.615,0.57885178799906
2006,"UK(Scotland)","27.7.g","MIS_MIS",0.105,0.0448378317356767
2006,"UK(Scotland)","27.7.g","OTB_CRU",0.034,0.0320015622633627
2006,"UK(Scotland)","27.7.j.","OTB_CRU",0.975,0.9176918590229
2006,"UK(Scotland)","27.7.j.","OTB_DEF_100-119",1.094,0.170682601185698
2007,"Belgium","27.7.e","OTB_CRU",0.008,0.0030210424628884
2007,"Belgium","27.7.f","OTB_CRU",3.561,1.3447415262932
2007,"Belgium","27.7.f","TBB_DEF",92.66,63.659
2007,"Belgium","27.7.g","OTB_CRU",10.849,4.09691120998454
2007,"Belgium","27.7.h","OTB_CRU",0.111,0.0419169641725766
2007,"Belgium","27.7.j","OTB_CRU",0.003,0.00113289092358315
2007,"France","27.7.e","MIS_MIS",53.43891,23.8216156434312
2007,"France","27.7.e","OTB_CRU",185.14598,69.9167334266359
2007,"France","27.7.e","OTB_DEF_100-119",435.5837,0
2007,"France","27.7.e","OTB_DEF_70-99_0",90.81903,17.2622177266666
2007,"France","27.7.e","TBB_DEF",0.00272,0.00207158207624285
2007,"France","27.7.g","MIS_MIS",22.0561,9.83201073511946
2007,"France","27.7.g","OTB_CRU",392.27846,148.136235617059
2007,"France","27.7.g","OTB_DEF_100-119",1518.10132,0
2007,"France","27.7.g","OTB_DEF_70-99_0",384.61663,73.1051191403032
2007,"France","27.7.g","TBB_DEF",0.14017,0.106755021921676
2007,"France","27.7.h","MIS_MIS",1.79096,1.12439135790868
2007,"France","27.7.h","OTB_CRU",0.00113,0.000426722247882987
2007,"France","27.7.h","OTB_DEF_100-119",1.75572,0
2007,"France","27.7.h","OTB_DEF_70-99_0",7.40818,1.40809273252904
2007,"France","27.7.j","MIS_MIS",2.94946,1.31478921399547
2007,"France","27.7.j","OTB_DEF_100-119",4.61752,0
2007,"France","27.7.j","OTB_DEF_70-99_0",11.96719,2.27463604661256
2007,"Ireland","27.7.g","MIS_MIS",420.759,187.562941993287
2007,"Ireland","27.7.g","OTB_CRU",144.511,52.84925
2007,"Ireland","27.7.g","OTB_DEF_100-119",248.904,91.02692
2007,"Ireland","27.7.g","OTB_DEF_70-99_0",134.521,49.1958
2007,"Ireland","27.7.g","SSC_DEF",88.967,141.43225
2007,"Ireland","27.7.g","TBB_DEF",129.2,98.4001486215353
2007,"Ireland","27.7.j","OTB_CRU",2.276,2.58197
2007,"Ireland","27.7.j","OTB_DEF_100-119",17.913,20.32122
2007,"Ireland","27.7.j","OTB_DEF_70-99_0",21.172,24.01835
2007,"Netherlands","27.7.e","SSC_DEF",1.39,2.20970503107894
2007,"Netherlands","27.7.e","TBB_DEF",0.802,0.610812068068663
2007,"Netherlands","27.7.f","MIS_MIS",0.661,0.294655859191514
2007,"Netherlands","27.7.j","MIS_MIS",0.05,0.022288642904048
2007,"UK (England)","27.7.e","MIS_MIS",46.386,7.65062978030919
2007,"UK (England)","27.7.e","OTB_CRU",0.266,0.100449661891039
2007,"UK (England)","27.7.e","OTB_DEF_100-119",5.681,0
2007,"UK (England)","27.7.e","OTB_DEF_70-99_0",81.907,13.0904360951122
2007,"UK (England)","27.7.e","TBB_DEF",41.409,45.4571631813869
2007,"UK (England)","27.7.f","MIS_MIS",26.754,5.75845690263087
2007,"UK (England)","27.7.f","OTB_CRU",0.92,0.347419883232166
2007,"UK (England)","27.7.f","OTB_DEF_100-119",0.576,0
2007,"UK (England)","27.7.f","OTB_DEF_70-99_0",21.873,2.02965937563031
2007,"UK (England)","27.7.f","TBB_DEF",19.476,19.5643001440973
2007,"UK (England)","27.7.g","MIS_MIS",69.794,12.8904591809059
2007,"UK (England)","27.7.g","OTB_CRU",0.236,0.0891207526552079
2007,"UK (England)","27.7.g","OTB_DEF_100-119",3.176,0
2007,"UK (England)","27.7.g","OTB_DEF_70-99_0",0.454,0.0661449541695614
2007,"UK (England)","27.7.g","TBB_DEF",13.753,13.815353249218
2007,"UK (England)","27.7.h","MIS_MIS",14.851,2.73255177651207
2007,"UK (England)","27.7.h","OTB_DEF_100-119",2.258,0
2007,"UK (England)","27.7.h","OTB_DEF_70-99_0",0.5,0.0728468658255082
2007,"UK (England)","27.7.h","TBB_DEF",37.142,33.4499707587952
2007,"UK (England)","27.7.j","MIS_MIS",7.183,1.32165641442907
2007,"UK (England)","27.7.j","OTB_DEF_100-119",11.185,0
2007,"UK (England)","27.7.j","OTB_DEF_70-99_0",1.616,0.235441070348042
2007,"UK (England)","27.7.k","OTB_DEF_70-99_0",0.135,0.0196686537728872
2007,"UK(Scotland)","27.7.e","MIS_MIS",1.17,0.521554243954723
2007,"UK(Scotland)","27.7.e","OTB_CRU",1.253,0.473170775749896
2007,"UK(Scotland)","27.7.j.","OTB_DEF_100-119",0.563,0.131943562153573
2007,"UK(Scotland)","27.7.k.","OTB_CRU",0.076,0.0286999033974398
2008,"Belgium","27.7.e","OTB_CRU",0.019,0.00165823279681275
2008,"Belgium","27.7.f","OTB_CRU",0.11,0.00960029513944223
2008,"Belgium","27.7.f","TBB_DEF",55.715,7.02
2008,"Belgium","27.7.g","OTB_CRU",8.754,0.764008942278884
2008,"Belgium","27.7.h","TBB_DEF",0.333,0.0419574620838194
2008,"France","27.7.e","MIS_MIS",31.23611,0
2008,"France","27.7.e","OTB_CRU",225.46976,19.6779658274473
2008,"France","27.7.e","OTB_DEF_100-119",507.93129,1.26081512680833
2008,"France","27.7.e","OTB_DEF_70-99_0",201.15891,20.4526283357574
2008,"France","27.7.e","SSC_DEF",14.49359,0.916525337549662
2008,"France","27.7.e","TBB_DEF",0.03953,0.0103862112815671
2008,"France","27.7.g","MIS_MIS",25.41204,0
2008,"France","27.7.g","OTB_CRU",500.51489,43.6826424153224
2008,"France","27.7.g","OTB_DEF_100-119",1200.05507,2.97884303457467
2008,"France","27.7.g","OTB_DEF_70-99_0",268.77693,27.3276220005163
2008,"France","27.7.g","SSC_DEF",5.71828,0.361604578796798
2008,"France","27.7.g","TBB_DEF",0.02906,0.00763529723861222
2008,"France","27.7.j","MIS_MIS",4.4341,0
2008,"France","27.7.j","OTB_DEF_100-119",2.20871,0.00548258206091776
2008,"France","27.7.j","OTB_DEF_70-99_0",6.77282,0.688619610461125
2008,"Ireland","27.7.g","MIS_MIS",491.586,43.3640552706919
2008,"Ireland","27.7.g","OTB_CRU",156.875,13.69133
2008,"Ireland","27.7.g","OTB_DEF_100-119",207.63,18.12099
2008,"Ireland","27.7.g","OTB_DEF_70-99_0",120.076,10.47969
2008,"Ireland","27.7.g","SSC_DEF",116.539,7.36953
2008,"Ireland","27.7.g","TBB_DEF",94.481,34.16988
2008,"Ireland","27.7.j","MIS_MIS",0.554,0.048869753451
2008,"Ireland","27.7.j","OTB_CRU",2.027,0.176907256796813
2008,"Ireland","27.7.j","OTB_DEF_100-119",14.585,1.27291161754082
2008,"Ireland","27.7.j","OTB_DEF_70-99_0",17.526,1.52958998417669
2008,"Netherlands","27.7.e","MIS_MIS",0.176,0.0155254090385848
2008,"Netherlands","27.7.e","SSC_DEF",0.462,0.0292153086949433
2008,"Netherlands","27.7.h","MIS_MIS",0.3,0.0264637654066787
2008,"UK (Channel Island Guernsey)","27.7.e","MIS_MIS",1.9,0.167603847575632
2008,"UK (Channel Island Jersey)","27.7.e","MIS_MIS",0.198,0.017466085168408
2008,"UK (England)","27.7.e","MIS_MIS",29.506,11.1646483683155
2008,"UK (England)","27.7.e","OTB_CRU",0.394,0.0343865116812749
2008,"UK (England)","27.7.e","OTB_DEF_100-119",12.404,0.395626550824129
2008,"UK (England)","27.7.e","OTB_DEF_70-99_0",62.393,0
2008,"UK (England)","27.7.e","TBB_DEF",32.04,0
2008,"UK (England)","27.7.f","MIS_MIS",17.605,13.275685747835
2008,"UK (England)","27.7.f","OTB_CRU",0.01,0.000872754103585657
2008,"UK (England)","27.7.f","OTB_DEF_100-119",0.992,0.0316399176408849
2008,"UK (England)","27.7.f","OTB_DEF_70-99_0",11.765,0
2008,"UK (England)","27.7.f","TBB_DEF",9.709,0
2008,"UK (England)","27.7.g","MIS_MIS",36.971,17.9811925730222
2008,"UK (England)","27.7.g","OTB_CRU",5.674,0.495200678374502
2008,"UK (England)","27.7.g","OTB_DEF_100-119",1.504,0.0479701977135996
2008,"UK (England)","27.7.g","OTB_DEF_70-99_0",0.624,0
2008,"UK (England)","27.7.g","TBB_DEF",5.575,0
2008,"UK (England)","27.7.h","MIS_MIS",5.214,2.63059680023485
2008,"UK (England)","27.7.h","OTB_DEF_100-119",2.582,0.0823530920854483
2008,"UK (England)","27.7.h","OTB_DEF_70-99_0",0.903,0
2008,"UK (England)","27.7.h","TBB_DEF",24.553,0
2008,"UK (England)","27.7.j","MIS_MIS",6.033,3.04380331718773
2008,"UK (England)","27.7.j","OTB_DEF_100-119",9.982,0.318376671261404
2008,"UK (England)","27.7.j","OTB_DEF_70-99_0",1.084,0
2008,"UK(Scotland)","27.7.e","MIS_MIS",7.532,0.664416936810347
2008,"UK(Scotland)","27.7.g","OTB_CRU",0.04,0.00349101641434263
2008,"UK(Scotland)","27.7.h","OTB_CRU",0.044,0.00384011805577689
2008,"UK(Scotland)","27.7.j.","OTB_CRU",2.47,0.215570263585657
2008,"UK(Scotland)","27.7.j.","OTB_DEF_100-119",4.977,0.158741804534964
2009,"Belgium","27.7.f","OTB_CRU",2.194,0.164264366744408
2009,"Belgium","27.7.g","OTB_CRU",10.781,0.807171439321541
2009,"Belgium","27.7.g","TBB_DEF",34.252,8.401
2009,"Belgium","27.7.h","OTB_CRU",1.09,0.081608094690704
2009,"France","27.7.e","MIS_MIS",34.47018,27.534338376762
2009,"France","27.7.e","OTB_CRU",123.12569,2.44554445639128
2009,"France","27.7.e","OTB_DEF_100-119",339.29345,46.9025661777461
2009,"France","27.7.e","OTB_DEF_70-99_0",584.5474,133.371704667284
2009,"France","27.7.e","SSC_DEF",1.88128,5.73665710891474
2009,"France","27.7.e","TBB_DEF",0.0161,0.00203221432441133
2009,"France","27.7.g","MIS_MIS",46.71531,82.7073990753545
2009,"France","27.7.g","OTB_CRU",416.04273,8.2635150468874
2009,"France","27.7.g","OTB_DEF_100-119",998.1779,137.984110839492
2009,"France","27.7.g","OTB_DEF_70-99_0",451.17127,102.940294280333
2009,"France","27.7.g","SSC_DEF",23.22649,70.8254002453846
2009,"France","27.7.g","TBB_DEF",1.07367,0.135523450539796
2009,"Ireland","27.7.g","MIS_MIS",168.227,0.298776176776595
2009,"Ireland","27.7.g","OTB_CRU",126.037,26.52551
2009,"Ireland","27.7.g","OTB_DEF_100-119",245.391,51.64453
2009,"Ireland","27.7.g","OTB_DEF_70-99_0",138.402,29.12783
2009,"Ireland","27.7.g","SSC_DEF",57.59,175.61133
2009,"Ireland","27.7.g","TBB_DEF",83.242,4.96233
2009,"Ireland","27.7.j","MIS_MIS",0.426,0.000756588724204969
2009,"Ireland","27.7.j","OTB_CRU",0.665,0.10353
2009,"Ireland","27.7.j","OTB_DEF_100-119",18.631,2.90053
2009,"Ireland","27.7.j","OTB_DEF_70-99_0",8.447,1.31506
2009,"Netherlands","27.7.e","MIS_MIS",0.548,0.127025790512205
2009,"Netherlands","27.7.e","SSC_DEF",2.933,8.9437060408057
2009,"Netherlands","27.7.g","MIS_MIS",0.46,0.106627488386157
2009,"Netherlands","27.7.h","MIS_MIS",1.21,0.280476654233152
2009,"Netherlands","27.7.j","MIS_MIS",0.043,0.00996735217522773
2009,"Spain","27.7.h","OTB_DEF_70-99_0",0,1.751
2009,"Spain","27.7.j.","OTB_DEF_70-99_0",0,3.404
2009,"Spain","27.7.k.","OTB_DEF_70-99_0",0,0.032
2009,"UK (England)","27.7.e","MIS_MIS",46.975,0
2009,"UK (England)","27.7.e","OTB_CRU",0.263,0.0196907604620689
2009,"UK (England)","27.7.e","OTB_DEF_100-119",6.544,1.0422087734332
2009,"UK (England)","27.7.e","OTB_DEF_70-99_0",42.767,0
2009,"UK (England)","27.7.e","SSC_DEF",0.485,1.47892854749088
2009,"UK (England)","27.7.e","TBB_DEF",21.889,6.20322362954707
2009,"UK (England)","27.7.f","MIS_MIS",11.09,3.764
2009,"UK (England)","27.7.f","OTB_CRU",0.517,0.0387076926193523
2009,"UK (England)","27.7.f","OTB_DEF_100-119",0.338,0.0538304653759811
2009,"UK (England)","27.7.f","OTB_DEF_70-99_0",5.339,0
2009,"UK (England)","27.7.f","TBB_DEF",5.548,1.33924075387577
2009,"UK (England)","27.7.g","MIS_MIS",41.902,4.122
2009,"UK (England)","27.7.g","OTB_CRU",5.704,0.427057405610803
2009,"UK (England)","27.7.g","OTB_DEF_100-119",2.376,0.378405874950684
2009,"UK (England)","27.7.g","OTB_DEF_70-99_0",0.346,0
2009,"UK (England)","27.7.g","TBB_DEF",3.432,0.94346093829162
2009,"UK (England)","27.7.h","MIS_MIS",7.737,0
2009,"UK (England)","27.7.h","OTB_DEF_100-119",2.347,0.373787284726117
2009,"UK (England)","27.7.h","OTB_DEF_70-99_0",1.214,0
2009,"UK (England)","27.7.h","TBB_DEF",36.455,10.0215234572905
2009,"UK (England)","27.7.j","MIS_MIS",12.584,261.785
2009,"UK (England)","27.7.j","OTB_DEF_100-119",7.636,1.2161225846479
2009,"UK (England)","27.7.j","OTB_DEF_70-99_0",0.802,0
2009,"UK(Scotland)","27.7.e","OTB_CRU",0.364,0.0272526114379966
2009,"UK(Scotland)","27.7.g","OTB_CRU",0.086,0.0064388038012849
2009,"UK(Scotland)","27.7.j.","OTB_CRU",0.179,0.0134016962840697
2009,"UK(Scotland)","27.7.j.","OTB_DEF_100-119",2.136,0.3401830592991
2010,"Belgium","27.7.e","SSC_DEF",0.73,1.34694035243557
2010,"Belgium","27.7.f","OTB_CRU",0.313,0.165118418324097
2010,"Belgium","27.7.f","TBB_DEF",37.72,71.263
2010,"Belgium","27.7.g","OTB_CRU",13.729,7.24252640629882
2010,"France","27.7.e","MIS_MIS",44.29855,43.5796471897716
2010,"France","27.7.e","OTB_CRU",63.86142,23.3915592071057
2010,"France","27.7.e","OTB_DEF_100-119",386.93627,157.172102250049
2010,"France","27.7.e","OTB_DEF_70-99_0",378.18219,27.8681278598727
2010,"France","27.7.e","SSC_DEF",6.59337,12.1655837144358
2010,"France","27.7.e","TBB_DEF",0.03142,0.0560095008481498
2010,"France","27.7.g","MIS_MIS",64.44841,72.3697739603983
2010,"France","27.7.g","OTB_CRU",189.78267,69.51478
2010,"France","27.7.g","OTB_DEF_100-119",977.98635,397.25449
2010,"France","27.7.g","OTB_DEF_70-99_0",262.96014,19.3774508618982
2010,"France","27.7.g","SSC_DEF",26.35623,48.6305064727026
2010,"France","27.7.g","TBB_DEF",0.08187,0.145942006188352
2010,"France","27.7.h","MIS_MIS",17.76161,26.1083365967354
2010,"France","27.7.h","OTB_CRU",0.00455,0.00166660237734035
2010,"France","27.7.h","OTB_DEF_100-119",8.36607,3.39826713445878
2010,"France","27.7.h","OTB_DEF_70-99_0",21.15376,1.55881398961982
2010,"France","27.7.h","SSC_DEF",0.16057,0.296271523822711
2010,"Ireland","27.7.g","MIS_MIS",191.023,0.034774409426272
2010,"Ireland","27.7.g","OTB_CRU",179.465,124.65069
2010,"Ireland","27.7.g","OTB_DEF_100-119",275.09,191.06877
2010,"Ireland","27.7.g","OTB_DEF_70-99_0",149.552,103.87407
2010,"Ireland","27.7.g","SSC_DEF",76.553,141.24976
2010,"Ireland","27.7.g","TBB_DEF",100.671,179.456793758246
2010,"Ireland","27.7.j","MIS_MIS",1.368,0.000249034891584469
2010,"Ireland","27.7.j","OTB_CRU",1.252,1.28603
2010,"Ireland","27.7.j","OTB_DEF_100-119",41.89,43.0286
2010,"Ireland","27.7.j","OTB_DEF_70-99_0",13.3,13.66151
2010,"Netherlands","27.7.e","SSC_DEF",2.504,4.62018992123104
2010,"Netherlands","27.7.f","MIS_MIS",0.06,0.0339487895520581
2010,"Netherlands","27.7.g","MIS_MIS",0.195,0.110333566044189
2010,"Netherlands","27.7.g","OTB_DEF_70-99_0",0.1,0.0597079300775767
2010,"Netherlands","27.7.k","MIS_MIS",0.15,0.0848719738801452
2010,"Spain","27.7.h","OTB_DEF_70-99_0",0,75.266
2010,"Spain","27.7.j.","OTB_DEF_70-99_0",0,602.129
2010,"Spain","27.7.k.","OTB_DEF_70-99_0",0,30.18
2010,"UK (England)","27.7.e","MIS_MIS",64.214,0
2010,"UK (England)","27.7.e","OTB_CRU",0.235,0.123970697463779
2010,"UK (England)","27.7.e","OTB_DEF_100-119",14.187,4.23319172162838
2010,"UK (England)","27.7.e","OTB_DEF_70-99_0",58.653,179.769
2010,"UK (England)","27.7.e","SSC_DEF",2.465,4.54823009418312
2010,"UK (England)","27.7.e","TBB_DEF",25.693,43.5164157545861
2010,"UK (England)","27.7.f","MIS_MIS",15.642,0
2010,"UK (England)","27.7.f","OTB_CRU",0.25,0.131883720706148
2010,"UK (England)","27.7.f","OTB_DEF_100-119",0.953,0.284361155333182
2010,"UK (England)","27.7.f","OTB_DEF_70-99_0",10.264,15.5297349272503
2010,"UK (England)","27.7.f","TBB_DEF",7.074,10.9152924310159
2010,"UK (England)","27.7.g","MIS_MIS",25.832,32.268
2010,"UK (England)","27.7.g","OTB_CRU",2.745,1.44808325335351
2010,"UK (England)","27.7.g","OTB_DEF_100-119",2.549,0.760584034569024
2010,"UK (England)","27.7.g","OTB_DEF_70-99_0",0.864,2.44842501816887
2010,"UK (England)","27.7.g","SSC_DEF",0.45,0.830305696706857
2010,"UK (England)","27.7.g","TBB_DEF",5.1,8.30057037151225
2010,"UK (England)","27.7.h","MIS_MIS",10.769,189.53
2010,"UK (England)","27.7.h","OTB_DEF_100-119",5.077,1.51490197862179
2010,"UK (England)","27.7.h","OTB_DEF_70-99_0",0.066,0.187032466665678
2010,"UK (England)","27.7.h","TBB_DEF",27.787,44.1237306921535
2010,"UK (England)","27.7.j","MIS_MIS",2.894,0
2010,"UK (England)","27.7.j","OTB_DEF_100-119",4.6,1.37257220832386
2010,"UK (England)","27.7.j","OTB_DEF_70-99_0",0.163,0.461913516159174
2010,"UK(Scotland)","27.7.g","OTB_CRU",0.318,0.16775609273822
2010,"UK(Scotland)","27.7.g","OTB_DEF_100-119",3.596,1.75090304075454
2010,"UK(Scotland)","27.7.h","OTB_CRU",0.85,0.448404650400903
2010,"UK(Scotland)","27.7.h","OTB_DEF_100-119",0.168,0.0817996971209016
2010,"UK(Scotland)","27.7.j.","OTB_CRU",0.191,0.100759162619497
2010,"UK(Scotland)","27.7.j.","OTB_DEF_100-119",2.596,1.26400008170155
2011,"Belgium","27.7.e","SSC_DEF",6.02,7.14352377088221
2011,"Belgium","27.7.f","OTB_CRU",2.285,3.71870087686223
2011,"Belgium","27.7.f","TBB_DEF",87.492,86.893
2011,"Belgium","27.7.g","OTB_CRU",27.535,44.8115661463464
2011,"France","27.7.e","MIS_MIS",119.68288,125.312397165546
2011,"France","27.7.e","OTB_CRU",78.02363,126.978792690142
2011,"France","27.7.e","OTB_DEF_100-119",952.97179,111.543751170323
2011,"France","27.7.e","OTB_DEF_70-99_0",389.95146,11.1757776844516
2011,"France","27.7.e","SSC_DEF",21.17693,0
2011,"France","27.7.e","TBB_DEF",0.01979,0.017804306364925
2011,"France","27.7.g","MIS_MIS",32.53935,40.2124262346927
2011,"France","27.7.g","OTB_CRU",0.07366,0.119877245772285
2011,"France","27.7.g","OTB_DEF_100-119",120.79058,14.1383349860115
2011,"France","27.7.g","OTB_DEF_70-99_0",66.70128,1.9116191449786
2011,"France","27.7.g","SSC_DEF",0.7486,0
2011,"France","27.7.g","TBB_DEF",0.002,0.00179932353359525
2011,"France","27.7.h","MIS_MIS",201.12494,271.144839910873
2011,"France","27.7.h","OTB_CRU",189.64031,308.628265682899
2011,"France","27.7.h","OTB_DEF_100-119",2364.24256,276.73063
2011,"France","27.7.h","OTB_DEF_70-99_0",245.68023,7.04104975512834
2011,"France","27.7.h","SSC_DEF",24.97433,0
2011,"France","27.7.h","TBB_DEF",0.09332,0.0839564360775543
2011,"Ireland","27.7.g","MIS_MIS",196.061,7.98818296393483
2011,"Ireland","27.7.g","OTB_CRU",128.776,211.26504
2011,"Ireland","27.7.g","OTB_DEF_100-119",311.918,511.72089
2011,"Ireland","27.7.g","OTB_DEF_70-99_0",128.58,210.9435
2011,"Ireland","27.7.g","SSC_DEF",90.216,107.62656
2011,"Ireland","27.7.g","TBB_DEF",87.027,9.07274
2011,"Ireland","27.7.j","MIS_MIS",0.468,0.0190678902337614
2011,"Ireland","27.7.j","OTB_CRU",1.176,0.22407
2011,"Ireland","27.7.j","OTB_DEF_100-119",51.832,9.87591
2011,"Ireland","27.7.j","OTB_DEF_70-99_0",13.728,2.61569
2011,"Netherlands","27.7.e","MIS_MIS",1.201,0.512629732560533
2011,"Netherlands","27.7.e","SSC_DEF",5.68,6.7400689399686
2011,"Netherlands","27.7.f","MIS_MIS",0.17,0.072562077048535
2011,"Netherlands","27.7.g","MIS_MIS",0.08,0.0341468597875459
2011,"Spain","27.7.g","OTB_DEF_70-99_0",0,0
2011,"Spain","27.7.h","OTB_DEF_70-99_0",0,0
2011,"Spain","27.7.j.","OTB_DEF_70-99_0",0,221.365
2011,"UK (England)","27.7.e","MIS_MIS",102.346,0
2011,"UK (England)","27.7.e","OTB_CRU",0.166,0.270155074642945
2011,"UK (England)","27.7.e","OTB_DEF_100-119",36.342,92.261
2011,"UK (England)","27.7.e","OTB_DEF_70-99_0",44.844,0
2011,"UK (England)","27.7.e","SSC_DEF",3.502,4.15558475841022
2011,"UK (England)","27.7.e","TBB_DEF",38.607,123.99147554829
2011,"UK (England)","27.7.f","MIS_MIS",43.273,0
2011,"UK (England)","27.7.f","OTB_CRU",0.084,0.136704977530165
2011,"UK (England)","27.7.f","OTB_DEF_100-119",2.242,13.306
2011,"UK (England)","27.7.f","OTB_DEF_70-99_0",11.371,0
2011,"UK (England)","27.7.f","TBB_DEF",12.094,36.0217014030786
2011,"UK (England)","27.7.g","MIS_MIS",19.524,595.218
2011,"UK (England)","27.7.g","OTB_DEF_100-119",1.879,0
2011,"UK (England)","27.7.g","OTB_DEF_70-99_0",0.401,0
2011,"UK (England)","27.7.g","TBB_DEF",4.027,11.9943270671571
2011,"UK (England)","27.7.h","MIS_MIS",18.133,1.158
2011,"UK (England)","27.7.h","OTB_DEF_100-119",10.671,0
2011,"UK (England)","27.7.h","OTB_DEF_70-99_0",0.271,0
2011,"UK (England)","27.7.h","TBB_DEF",44.313,122.983841166054
2011,"UK (England)","27.7.j","MIS_MIS",5.693,0
2011,"UK (England)","27.7.j","OTB_DEF_100-119",9.753,0
2011,"UK (England)","27.7.j","OTB_DEF_70-99_0",0.44,0
2011,"UK (England)","27.7.j","SSC_DEF",0.02,0.0237326371125655
2011,"UK(Scotland)","27.7.e","OTB_CRU",1.169,1.90247760396146
2011,"UK(Scotland)","27.7.f","OTB_DEF_100-119",0.038,0.0111204270806369
2011,"UK(Scotland)","27.7.g","OTB_CRU",0.774,1.25963872152795
2011,"UK(Scotland)","27.7.g","OTB_DEF_100-119",2.691,0.78750182299984
2011,"UK(Scotland)","27.7.h","OTB_CRU",1.726,2.80896180020315
2011,"UK(Scotland)","27.7.h","OTB_DEF_100-119",1.707,0.499541290174926
2011,"UK(Scotland)","27.7.j.","OTB_CRU",0.106,0.172508662121399
2011,"UK(Scotland)","27.7.j.","OTB_DEF_100-119",8.969,2.62471343384822
2012,"Belgium","27.7.e","OTB_CRU",0.17,0.0449630702713962
2012,"Belgium","27.7.e","SSC_DEF",7.062,1.94376466518072
2012,"Belgium","27.7.f","OTB_CRU",2.085,0.551458832446241
2012,"Belgium","27.7.f","TBB_DEF",228.259,21.247
2012,"Belgium","27.7.g","OTB_CRU",52.172,13.7989017776428
2012,"France","27.7.e","MIS_MIS",48.90915,66.2677302401857
2012,"France","27.7.e","OTB_CRU",4.37105,0
2012,"France","27.7.e","OTB_DEF_100-119",163.911,2.85867719651621
2012,"France","27.7.e","OTB_DEF_70-99_0",78.18034,0.391184470015342
2012,"France","27.7.e","SSC_DEF",2.56977,0
2012,"France","27.7.e","TBB_DEF",0.02,0.00239601935059327
2012,"France","27.7.g","MIS_MIS",57.90428,65.0194822426918
2012,"France","27.7.g","OTB_CRU",239.11789,0
2012,"France","27.7.g","OTB_DEF_100-119",4219.79154,73.59495
2012,"France","27.7.g","OTB_DEF_70-99_0",229.1471,1.14656430080827
2012,"France","27.7.g","SSC_DEF",153.75932,0
2012,"France","27.7.g","TBB_DEF",0,0
2012,"France","27.7.h","MIS_MIS",74.54358,72.3547098634962
2012,"France","27.7.h","OTB_CRU",50.53724,0
2012,"France","27.7.h","OTB_DEF_100-119",1102.53856,19.2287390092905
2012,"France","27.7.h","OTB_DEF_70-99_0",452.62427,2.26475844407982
2012,"France","27.7.h","SSC_DEF",22.23084,0
2012,"France","27.7.h","TBB_DEF",0.00666,0.000797874443747558
2012,"Ireland","27.7.g","MIS_MIS",284.375,6.98845776031434
2012,"Ireland","27.7.g","OTB_CRU",239.686,82.79057
2012,"Ireland","27.7.g","OTB_DEF_100-119",468.607,161.86277
2012,"Ireland","27.7.g","OTB_DEF_70-99_0",160.681,55.50125
2012,"Ireland","27.7.g","SSC_DEF",168.757,66.07313
2012,"Ireland","27.7.g","TBB_DEF",137.312,25.35941
2012,"Ireland","27.7.j","MIS_MIS",18.961,0.465962716811676
2012,"Ireland","27.7.j","OTB_CRU",0.6,0.10177
2012,"Ireland","27.7.j","OTB_DEF_100-119",51.97,8.81495
2012,"Ireland","27.7.j","OTB_DEF_70-99_0",8.537,1.44801
2012,"Netherlands","27.7.e","MIS_MIS",1.056,0.165863354684628
2012,"Netherlands","27.7.e","OTB_DEF_70-99_0",0.04,0.00378021283994776
2012,"Netherlands","27.7.e","SSC_DEF",4.976,1.36960818095997
2012,"Netherlands","27.7.f","OTB_DEF_70-99_0",0.03,0.00283515962996082
2012,"Netherlands","27.7.g","MIS_MIS",1.01,0.15863824643132
2012,"Netherlands","27.7.h","MIS_MIS",0.28,0.0439789198027423
2012,"Netherlands","27.7.j","MIS_MIS",0.243,0.0381674196859514
2012,"Spain","27.7.h","OTB_DEF_70-99_0",0,79.455
2012,"Spain","27.7.j.","OTB_DEF_70-99_0",0,447.195
2012,"Spain","27.7.k.","OTB_DEF_70-99_0",0,0
2012,"UK (Channel Island Guernsey)","27.7.e","MIS_MIS",2.9,0.455495955099831
2012,"UK (Channel Island Jersey)","27.7.e","MIS_MIS",0.008,0.00125654056579264
2012,"UK (England)","27.7.e","MIS_MIS",144.349,215.801028893114
2012,"UK (England)","27.7.e","OTB_CRU",0.086,0.0227460237843534
2012,"UK (England)","27.7.e","OTB_DEF_100-119",53.104,2.73646569000308
2012,"UK (England)","27.7.e","OTB_DEF_70-99_0",50.863,0
2012,"UK (England)","27.7.e","SSC_DEF",1.552,0.42717682814507
2012,"UK (England)","27.7.e","TBB_DEF",57.283,0
2012,"UK (England)","27.7.f","MIS_MIS",56.272,426.80652572792
2012,"UK (England)","27.7.f","OTB_CRU",0.047,0.0124309664867978
2012,"UK (England)","27.7.f","OTB_DEF_100-119",4.62,0.238070041575291
2012,"UK (England)","27.7.f","OTB_DEF_70-99_0",13.531,0
2012,"UK (England)","27.7.f","TBB_DEF",32.143,0
2012,"UK (England)","27.7.g","MIS_MIS",50.552,125.896449711069
2012,"UK (England)","27.7.g","OTB_CRU",2.588,0.684496622719843
2012,"UK (England)","27.7.g","OTB_DEF_100-119",24.889,1.28253793609684
2012,"UK (England)","27.7.g","OTB_DEF_70-99_0",1.726,0
2012,"UK (England)","27.7.g","SSC_DEF",0.632,0.173953450636394
2012,"UK (England)","27.7.g","TBB_DEF",18,0
2012,"UK (England)","27.7.h","MIS_MIS",39.841,233.268537098759
2012,"UK (England)","27.7.h","OTB_CRU",0.225,0.0595099459474361
2012,"UK (England)","27.7.h","OTB_DEF_100-119",10.966,0.565081401713125
2012,"UK (England)","27.7.h","TBB_DEF",58.691,0
2012,"UK (England)","27.7.j","MIS_MIS",12.982,44.6886099392313
2012,"UK (England)","27.7.j","OTB_DEF_100-119",18.524,0.954547500030451
2012,"UK (England)","27.7.j","OTB_DEF_70-99_0",0.727,0
2012,"UK(Northern Ireland)","27.7.g","OTB_CRU",6.304,1.66733644112283
2012,"UK(Northern Ireland)","27.7.g","OTB_DEF_100-119",0.185,0.00953310772541749
2012,"UK(Northern Ireland)","27.7.g","SSC_DEF",18.222,5.01547433148161
2012,"UK(Scotland)","27.7.j","OTB_DEF_100-119",23.974,1.23538770059005
2013,"Belgium","27.7.e","OTB_CRU",0.043,0.00286076554633425
2013,"Belgium","27.7.e","SSC_DEF",1.722,0.0705313767793314
2013,"Belgium","27.7.f","OTB_CRU",3.924,0.261061488460828
2013,"Belgium","27.7.f","SSC_DEF",2.595,0.106288573021118
2013,"Belgium","27.7.f","TBB_DEF",159.09,2.283
2013,"Belgium","27.7.g","OTB_CRU",32.849,2.18542528910543
2013,"Belgium","27.7.g","OTB_DEF_100-119",1.278,0.0245548347443703
2013,"Belgium","27.7.g","SSC_DEF",0.679,0.0278111526325006
2013,"France","27.7.e","MIS_MIS",5.39415,13.7275083814764
2013,"France","27.7.e","OTB_CRU",12.52276,0.00634788730030115
2013,"France","27.7.e","OTB_DEF_100-119",109.39549,0.824290013858352
2013,"France","27.7.e","OTB_DEF_70-99_0",35.94646,0
2013,"France","27.7.e","SSC_DEF",0.71413,0.0109199471621558
2013,"France","27.7.g","MIS_MIS",21.67504,55.1605523147921
2013,"France","27.7.g","OTB_CRU",236.26352,0.11976386979647
2013,"France","27.7.g","OTB_DEF_100-119",3146.39866,23.70797
2013,"France","27.7.g","OTB_DEF_70-99_0",169.48209,0
2013,"France","27.7.g","SSC_DEF",237.22086,3.62740573419566
2013,"France","27.7.g","TBB_DEF",0.00528,0.000203235857204917
2013,"France","27.7.h","MIS_MIS",43.89761,111.71450723502
2013,"France","27.7.h","OTB_CRU",59.83346,0.0303300598963069
2013,"France","27.7.h","OTB_DEF_100-119",611.45798,4.60730791377231
2013,"France","27.7.h","OTB_DEF_70-99_0",349.56256,0
2013,"France","27.7.h","SSC_DEF",11.03728,0.168773912892496
2013,"France","27.7.h","TBB_DEF",0.02458,0.000946124501912282
2013,"Ireland","27.7.g","MIS_MIS",219.793,9.94790644924645
2013,"Ireland","27.7.g","OTB_CRU",256.915,25.44991
2013,"Ireland","27.7.g","OTB_DEF_100-119",471.631,46.7196
2013,"Ireland","27.7.g","OTB_DEF_70-99_0",119.811,11.86844
2013,"Ireland","27.7.g","SSC_DEF",163.802,11.47523
2013,"Ireland","27.7.g","TBB_DEF",170.678,11.27364
2013,"Ireland","27.7.j","MIS_MIS",0.679,0.030731772527052
2013,"Ireland","27.7.j","OTB_CRU",0.183,0.00081
2013,"Ireland","27.7.j","OTB_DEF_100-119",61.399,0.26708
2013,"Ireland","27.7.j","OTB_DEF_70-99_0",4.857,0.02112
2013,"Netherlands","27.7.e","MIS_MIS",0.108,0.00426894230406692
2013,"Netherlands","27.7.e","SSC_DEF",1.3,0.0532466839797508
2013,"Netherlands","27.7.f","MIS_MIS",1.119,0.04423098553936
2013,"Netherlands","27.7.g","MIS_MIS",0.143,0.00565239582853305
2013,"Netherlands","27.7.g","SSC_DEF",0.089,0.00364534990322909
2013,"Spain","27.7.g","OTB_DEF_70-99_0",0,0.245
2013,"Spain","27.7.h","OTB_DEF_70-99_0",0,2.66
2013,"Spain","27.7.j.","OTB_DEF_70-99_0",0,27.87
2013,"UK (Channel Island Guernsey)","27.7.e","MIS_MIS",1.96,0.0774733973701033
2013,"UK (Channel Island Jersey)","27.7.e","MIS_MIS",0.002,7.90544871123503e-05
2013,"UK (England)","27.7.e","MIS_MIS",70.909,58.4083705690544
2013,"UK (England)","27.7.e","OTB_CRU",0.36,0.0239505952716356
2013,"UK (England)","27.7.e","OTB_DEF_100-119",43.967,0.844759326452058
2013,"UK (England)","27.7.e","OTB_DEF_70-99_0",46.36,0
2013,"UK (England)","27.7.e","SSC_DEF",0.761,0.0311697896219926
2013,"UK (England)","27.7.e","TBB_DEF",41.72,0
2013,"UK (England)","27.7.f","MIS_MIS",32.728,26.958343115599
2013,"UK (England)","27.7.f","OTB_CRU",0.001,6.65294313100988e-05
2013,"UK (England)","27.7.f","OTB_DEF_100-119",3.024,0.0581015808035805
2013,"UK (England)","27.7.f","OTB_DEF_70-99_0",8.711,0
2013,"UK (England)","27.7.f","TBB_DEF",20.626,0
2013,"UK (England)","27.7.g","MIS_MIS",68.136,56.1242259387819
2013,"UK (England)","27.7.g","OTB_CRU",3.421,0.227597184511848
2013,"UK (England)","27.7.g","OTB_DEF_100-119",10.562,0.202932836126791
2013,"UK (England)","27.7.g","OTB_DEF_70-99_0",2.356,0
2013,"UK (England)","27.7.g","SSC_DEF",0.045,0.00184315444545291
2013,"UK (England)","27.7.g","TBB_DEF",9.564,0
2013,"UK (England)","27.7.h","MIS_MIS",43.799,36.0776237509204
2013,"UK (England)","27.7.h","OTB_DEF_100-119",12.693,0.243876774186458
2013,"UK (England)","27.7.h","OTB_DEF_70-99_0",1.545,0
2013,"UK (England)","27.7.h","TBB_DEF",42.925,0
2013,"UK (England)","27.7.j","MIS_MIS",17.133,14.1126036604607
2013,"UK (England)","27.7.j","OTB_DEF_100-119",31.718,0.60941333992327
2013,"UK (England)","27.7.j","OTB_DEF_70-99_0",1.725,0
2013,"UK(Northern Ireland)","27.7.g","OTB_CRU",14.672,0.976119816181769
2013,"UK(Northern Ireland)","27.7.g","OTB_DEF_100-119",1.104,0.0212116882298786
2013,"UK(Northern Ireland)","27.7.g","SSC_DEF",2.913,0.119313531102318
2013,"UK(Scotland)","27.7.g","OTB_DEF_100-119",8.017,0.154034514980921
2013,"UK(Scotland)","27.7.j","OTB_CRU",3.046,0.202648647770561
2013,"UK(Scotland)","27.7.j","OTB_DEF_100-119",1.115,0.0214230365727488
2014,"Belgium","27.7.e","MIS_MIS",0.022,0.00462836097882872
2014,"Belgium","27.7.e","OTB_CRU",0.041,0.0101355753960826
2014,"Belgium","27.7.e","SSC_DEF",0.026,0.0139914044312504
2014,"Belgium","27.7.f","OTB_CRU",1.696,0.419266728579416
2014,"Belgium","27.7.f","TBB_DEF",122.955,30.878
2014,"Belgium","27.7.g","OTB_CRU",16.681,4.1236959312696
2014,"France","27.7.e","MIS_MIS",24.93897,124.940183416238
2014,"France","27.7.e","OTB_CRU",33.00282,6.07683679402506
2014,"France","27.7.e","OTB_DEF_100-119",386.75323,12.7076808492869
2014,"France","27.7.e","OTB_DEF_70-99_0",392.80193,18.6202567211466
2014,"France","27.7.e","SSC_DEF",3.11679,1.18341754317671
2014,"France","27.7.e","TBB_DEF",0.05234,0.0233653263071944
2014,"France","27.7.g","MIS_MIS",25.88138,129.985916874459
2014,"France","27.7.g","OTB_CRU",170.14274,31.3285247341966
2014,"France","27.7.g","OTB_DEF_100-119",1289.26368,42.36177
2014,"France","27.7.g","OTB_DEF_70-99_0",314.55145,14.9108960615568
2014,"France","27.7.g","SSC_DEF",41.24722,15.6612039166158
2014,"France","27.7.g","TBB_DEF",0.11967,0.0534224034998463
2014,"France","27.7.h","MIS_MIS",3.18427,16.3051882324329
2014,"France","27.7.h","OTB_CRU",0.34578,0.0636687600222643
2014,"France","27.7.h","OTB_DEF_100-119",9.49372,0.311938348472207
2014,"France","27.7.h","OTB_DEF_70-99_0",20.00203,0.948169815622026
2014,"France","27.7.h","SSC_DEF",0.3552,0.134866292350901
2014,"France","27.7.h","TBB_DEF",0.01345,0.00600427280916631
2014,"Ireland","27.7.g","MIS_MIS",106.096,0.0525234731321973
2014,"Ireland","27.7.g","OTB_CRU",210.465,62.29214
2014,"Ireland","27.7.g","OTB_DEF_100-119",419.973,124.30103
2014,"Ireland","27.7.g","OTB_DEF_70-99_0",82.514,24.42199
2014,"Ireland","27.7.g","SSC_DEF",173.79,100.03067
2014,"Ireland","27.7.g","TBB_DEF",141.216,79.08189
2014,"Ireland","27.7.j","MIS_MIS",1.741,0.00086189268891528
2014,"Ireland","27.7.j","OTB_CRU",0.193,0.00081
2014,"Ireland","27.7.j","OTB_DEF_100-119",47.143,0.19848
2014,"Ireland","27.7.j","OTB_DEF_70-99_0",6.241,0.02627
2014,"Spain","27.7.g","OTB_DEF_70-99_0",0,0.242
2014,"Spain","27.7.h","OTB_DEF_70-99_0",0,13.939
2014,"Spain","27.7.j.","OTB_DEF_70-99_0",0,330.528
2014,"UK (Channel Island Guernsey)","27.7.e","MIS_MIS",3.032,0.637872294900394
2014,"UK (Channel Island Jersey)","27.7.e","MIS_MIS",0.002,0.000420760088984429
2014,"UK (England)","27.7.e","MIS_MIS",49.724,0
2014,"UK (England)","27.7.e","OTB_CRU",0.248,0.0613078706884996
2014,"UK (England)","27.7.e","OTB_DEF_100-119",23.412,47.3995708897891
2014,"UK (England)","27.7.e","OTB_DEF_70-99_0",98.279,119.556929190015
2014,"UK (England)","27.7.e","SSC_DEF",0.098,0.0527368320870207
2014,"UK (England)","27.7.e","TBB_DEF",30.462,13.6213713212273
2014,"UK (England)","27.7.f","MIS_MIS",21.142,0
2014,"UK (England)","27.7.f","OTB_CRU",0.008,0.00197767324801612
2014,"UK (England)","27.7.f","OTB_DEF_100-119",4.331,8.76847520603436
2014,"UK (England)","27.7.f","OTB_DEF_70-99_0",12.712,15.4642159959246
2014,"UK (England)","27.7.f","TBB_DEF",21.86,21.0896956793989
2014,"UK (England)","27.7.g","MIS_MIS",40.069,0
2014,"UK (England)","27.7.g","OTB_CRU",1.367,0.337934916254754
2014,"UK (England)","27.7.g","OTB_DEF_100-119",15.001,30.3707911719514
2014,"UK (England)","27.7.g","OTB_DEF_70-99_0",1.632,1.98533672949567
2014,"UK (England)","27.7.g","TBB_DEF",2.783,1.34699499060739
2014,"UK (England)","27.7.h","MIS_MIS",21.088,0
2014,"UK (England)","27.7.h","OTB_CRU",0.03,0.00741627468006043
2014,"UK (England)","27.7.h","OTB_DEF_100-119",9.774,19.788288308423
2014,"UK (England)","27.7.h","OTB_DEF_70-99_0",2.47,3.00476821192053
2014,"UK (England)","27.7.h","TBB_DEF",32.635,21.3547745773325
2014,"UK (England)","27.7.j","MIS_MIS",25.409,0
2014,"UK (England)","27.7.j","OTB_DEF_100-119",35.511,71.8950180192764
2014,"UK (England)","27.7.j","OTB_DEF_70-99_0",1.657,2.01574936321956
2014,"UK(Northern Ireland)","27.7.g","OTB_CRU",0.841,0.207902900197694
2014,"UK(Northern Ireland)","27.7.g","SSC_DEF",4.331,2.33064509968252
2014,"UK(Scotland)","27.7.e","MIS_MIS",0,0
2014,"UK(Scotland)","27.7.g","OTB_CRU",1.671,0.413086499679366
2014,"UK(Scotland)","27.7.g","OTB_DEF_100-119",2.554,0.262643167611158
2014,"UK(Scotland)","27.7.j","OTB_CRU",1.183,0.292448431550383
2014,"UK(Scotland)","27.7.j","OTB_DEF_100-119",1.076,0.110651545947379
2015,"Belgium","27.7.e","MIS_MIS",0.004,0.000306812667493151
2015,"Belgium","27.7.e","OTB_CRU",0.1,0.0125823325714323
2015,"Belgium","27.7.e","SSC_DEF",3.767,0.10106287431164
2015,"Belgium","27.7.f","OTB_CRU",0.375,0.0471837471428713
2015,"Belgium","27.7.f","TBB_DEF",102.333,2.564
2015,"Belgium","27.7.g","OTB_CRU",14.062,1.76932760619482
2015,"France","27.7.e","MIS_MIS",53.50286,11.2772509513028
2015,"France","27.7.e","OTB_CRU",26.55336,1.0534324030052
2015,"France","27.7.e","OTB_DEF_100-119",583.79505,2.08365788714113
2015,"France","27.7.e","OTB_DEF_70-99_0",580.55262,7.50313520685454
2015,"France","27.7.e","SSC_DEF",1.52231,0.0408412594089069
2015,"France","27.7.e","TBB_DEF",0.00702,0.0025016131745441
2015,"France","27.7.g","MIS_MIS",31.45593,5.18916324513645
2015,"France","27.7.g","OTB_CRU",152.20386,6.0382745530685
2015,"France","27.7.g","OTB_DEF_100-119",1519.64892,5.42387
2015,"France","27.7.g","OTB_DEF_70-99_0",314.57874,4.06565527070043
2015,"France","27.7.g","SSC_DEF",66.24207,1.77717387697182
2015,"France","27.7.g","TBB_DEF",0.06878,0.0245101074280831
2015,"France","27.7.h","MIS_MIS",6.28852,12.2522460242846
2015,"France","27.7.h","OTB_DEF_100-119",6.30146,0.0224909183959411
2015,"France","27.7.h","OTB_DEF_70-99_0",17.73817,0.229250343977728
2015,"France","27.7.h","SSC_DEF",12.66934,0.339899101680761
2015,"Ireland","27.7.g","MIS_MIS",101.729,7.80293646285269
2015,"Ireland","27.7.g","OTB_CRU",221.698,36.98456
2015,"Ireland","27.7.g","OTB_DEF_100-119",355.484,59.30328
2015,"Ireland","27.7.g","OTB_DEF_70-99_0",98.761,16.4757
2015,"Ireland","27.7.g","SSC_DEF",101.803,2.73121948328852
2015,"Ireland","27.7.g","TBB_DEF",156.946,97.63084
2015,"Ireland","27.7.j","MIS_MIS",8.879,0.681047418667922
2015,"Ireland","27.7.j","OTB_CRU",0.474,0.00901
2015,"Ireland","27.7.j","OTB_DEF_100-119",54.175,1.03004
2015,"Ireland","27.7.j","OTB_DEF_70-99_0",9.243,0.17574
2015,"Netherlands","27.7.e","SSC_DEF",3.196,0.0857438137244492
2015,"Spain","27.7.g","OTB_DEF_70-99_0",0,0.292
2015,"Spain","27.7.h","OTB_DEF_70-99_0",0,13.071
2015,"Spain","27.7.j.","OTB_DEF_70-99_0",0,108.229
2015,"Spain","27.7.k.","OTB_DEF_70-99_0",0,0.285
2015,"UK (Channel Island Guernsey)","27.7.e","MIS_MIS",3.64,0.279199527418767
2015,"UK (Channel Island Jersey)","27.7.e","MIS_MIS",0.028,0.00214768867245206
2015,"UK (England)","27.7.e","MIS_MIS",85.233,25.07703583316
2015,"UK (England)","27.7.e","OTB_CRU",0.32,0.0402634642285835
2015,"UK (England)","27.7.e","OTB_DEF_100-119",25.446,0
2015,"UK (England)","27.7.e","OTB_DEF_70-99_0",63.886,8.665
2015,"UK (England)","27.7.e","SSC_DEF",0.362,0.00971190881359531
2015,"UK (England)","27.7.e","TBB_DEF",32.395,4.62575139890675
2015,"UK (England)","27.7.f","MIS_MIS",26.646,8.44917110463907
2015,"UK (England)","27.7.f","OTB_DEF_100-119",3.471,0
2015,"UK (England)","27.7.f","OTB_DEF_70-99_0",4.031,0.54673347838337
2015,"UK (England)","27.7.f","TBB_DEF",11.662,1.21384079956011
2015,"UK (England)","27.7.g","MIS_MIS",45.48,16.5583171416684
2015,"UK (England)","27.7.g","OTB_CRU",1.257,0.158159920422905
2015,"UK (England)","27.7.g","OTB_DEF_100-119",4.56,0
2015,"UK (England)","27.7.g","OTB_DEF_70-99_0",0.457,0.0619839244904987
2015,"UK (England)","27.7.g","TBB_DEF",9.045,0.941450011320633
2015,"UK (England)","27.7.h","MIS_MIS",9.11,2.88868681090077
2015,"UK (England)","27.7.h","OTB_CRU",1.405,0.176781772628624
2015,"UK (England)","27.7.h","OTB_DEF_100-119",6.93,0
2015,"UK (England)","27.7.h","OTB_DEF_70-99_0",0.459,0.0622551889302821
2015,"UK (England)","27.7.h","TBB_DEF",36.241,2.51823566322735
2015,"UK (England)","27.7.j","MIS_MIS",10.227,3.0552638339921
2015,"UK (England)","27.7.j","OTB_DEF_100-119",23.499,0
2015,"UK (England)","27.7.j","OTB_DEF_70-99_0",0.591,0.0801586419559841
2015,"UK (England)","27.7.k","OTB_DEF_100-119",0.005,0
2015,"UK(Northern Ireland)","27.7.g","OTB_CRU",0.894,0.112486053188605
2015,"UK(Northern Ireland)","27.7.g","OTB_DEF_100-119",0.821,0.027751584138479
2015,"UK(Northern Ireland)","27.7.g","SSC_DEF",6.771,0.181655620378049
2015,"UK(Northern Ireland)","27.7.h","OTB_CRU",0.639,0.0804011051314527
2015,"UK(Northern Ireland)","27.7.j","SSC_DEF",0.481,0.0129044976224844
2015,"UK(Scotland)","27.7.e","MIS_MIS",0,0
2015,"UK(Scotland)","27.7.g","MIS_MIS",0.202,0.0154940397084041
2015,"UK(Scotland)","27.7.g","OTB_CRU",0.281,0.0353563545257249
2015,"UK(Scotland)","27.7.g","OTB_DEF_100-119",1.784,0.0603030768612017
2015,"UK(Scotland)","27.7.j","OTB_DEF_100-119",3.91,0.132166496932342
2016,"Belgium","27.7.e","OTB_CRU",0.026,0.00281463048977052
2016,"Belgium","27.7.e","SSC_DEF",0.023,0.0185288448039251
2016,"Belgium","27.7.f","OTB_CRU",1.479,0.160109172860408
2016,"Belgium","27.7.f","TBB_DEF",70.79,7.684
2016,"Belgium","27.7.g","OTB_CRU",24.518,2.6541965518536
2016,"France","27.7.e","MIS_MIS",3.83246,15.7975653287825
2016,"France","27.7.e","OTB_CRU",0.14534,0.00374157767826387
2016,"France","27.7.e","OTB_DEF_100-119",38.56457,1.07377318043998
2016,"France","27.7.e","OTB_DEF_70-99_0",22.64724,0.969136235823881
2016,"France","27.7.e","SSC_DEF",0.5299,0.426888472243475
2016,"France","27.7.g","MIS_MIS",18.29348,75.4065131510246
2016,"France","27.7.g","OTB_CRU",175.01339,4.50547814380961
2016,"France","27.7.g","OTB_DEF_100-119",1461.54464,40.69454
2016,"France","27.7.g","OTB_DEF_70-99_0",91.95689,3.93508234260204
2016,"France","27.7.g","SSC_DEF",54.8763,44.2084541788538
2016,"France","27.7.g","TBB_DEF",0.01857,0.00284327785450832
2016,"France","27.7.h","MIS_MIS",23.39136,34.3249155334389
2016,"France","27.7.h","OTB_CRU",40.71551,1.04816460282874
2016,"France","27.7.h","OTB_DEF_100-119",399.78297,11.1313630926687
2016,"France","27.7.h","OTB_DEF_70-99_0",226.14597,9.67739354166513
2016,"France","27.7.h","SSC_DEF",1.77974,1.43376201092773
2016,"France","27.7.j","MIS_MIS",3.64707,77.1286584928293
2016,"France","27.7.j","OTB_CRU",0.00173,4.45364619746559e-05
2016,"France","27.7.j","OTB_DEF_100-119",7.33608,0.204262252984076
2016,"France","27.7.j","OTB_DEF_70-99_0",9.0781,0.388476285076361
2016,"France","27.7.j","TBB_DEF",0.00291,0.000445554041821174
2016,"Ireland","27.7.g","MIS_MIS",92.788,10.3633123120944
2016,"Ireland","27.7.g","OTB_CRU",161.87,18.73766
2016,"Ireland","27.7.g","OTB_DEF_100-119",266.951,30.9016
2016,"Ireland","27.7.g","OTB_DEF_70-99_0",84.781,9.81404
2016,"Ireland","27.7.g","SSC_DEF",82.341,66.33407
2016,"Ireland","27.7.g","TBB_DEF",104.654,17.44001
2016,"Ireland","27.7.h","OTB_DEF_100-119",0,0
2016,"Ireland","27.7.j","MIS_MIS",33.44,3.73484894292838
2016,"Ireland","27.7.j","OTB_CRU",0.653,0.0755896211774881
2016,"Ireland","27.7.j","OTB_DEF_100-119",43.037,4.9818586901716
2016,"Ireland","27.7.j","OTB_DEF_70-99_0",10.224,1.18350508911195
2016,"Ireland","27.7.j","SSC_DEF",0,0
2016,"Netherlands","27.7.e","SSC_DEF",1.449,1.16731722264728
2016,"Spain","27.7.g","OTB_DEF_70-99_0",0,0
2016,"Spain","27.7.h","OTB_DEF_70-99_0",0,0.377
2016,"Spain","27.7.j.","OTB_DEF_70-99_0",0,3.466
2016,"Spain","27.7.k.","OTB_DEF_70-99_0",0,0
2016,"UK (Channel Island Guernsey)","27.7.e","MIS_MIS",4.585,0.512089784788475
2016,"UK (Channel Island Jersey)","27.7.e","MIS_MIS",0.056,0.00625453172260733
2016,"UK (England)","27.7.e","MIS_MIS",53.091,0
2016,"UK (England)","27.7.e","OTB_CRU",1.096,0.118647500645711
2016,"UK (England)","27.7.e","OTB_DEF_100-119",18.946,0.784763604286557
2016,"UK (England)","27.7.e","OTB_DEF_70-99_0",34.155,0
2016,"UK (England)","27.7.e","SSC_DEF",1.008,0.812046763580719
2016,"UK (England)","27.7.e","TBB_DEF",19.196,2.78480572472594
2016,"UK (England)","27.7.f","MIS_MIS",30.423,0
2016,"UK (England)","27.7.f","OTB_CRU",0.149,0.0161299978067618
2016,"UK (England)","27.7.f","OTB_DEF_100-119",0.768,0.0318113822491331
2016,"UK (England)","27.7.f","OTB_DEF_70-99_0",2.742,0
2016,"UK (England)","27.7.f","TBB_DEF",18.27,4.85050635657735
2016,"UK (England)","27.7.g","MIS_MIS",55.413,0
2016,"UK (England)","27.7.g","OTB_CRU",4.248,0.459867320020969
2016,"UK (England)","27.7.g","OTB_DEF_100-119",6.853,0.283858597074621
2016,"UK (England)","27.7.g","OTB_DEF_70-99_0",0.073,0
2016,"UK (England)","27.7.g","TBB_DEF",10.865,2.38250856425091
2016,"UK (England)","27.7.h","MIS_MIS",12.099,0
2016,"UK (England)","27.7.h","OTB_CRU",6.295,0.681465343580979
2016,"UK (England)","27.7.h","OTB_DEF_100-119",3.715,0.153879277416054
2016,"UK (England)","27.7.h","OTB_DEF_70-99_0",0.148,0
2016,"UK (England)","27.7.h","TBB_DEF",25.514,6.17512412454324
2016,"UK (England)","27.7.j","MIS_MIS",15.636,0
2016,"UK (England)","27.7.j","OTB_DEF_100-119",19.045,0.78886429027961
2016,"UK (England)","27.7.j","OTB_DEF_70-99_0",0.902,0
2016,"UK (England)","27.7.k","OTB_DEF_100-119",0.044,0.00182252710802325
2016,"UK (England)","27.7.k","OTB_DEF_70-99_0",0.034,0
2016,"UK(Northern Ireland)","27.7.g","OTB_CRU",7.621,0.825011498559275
2016,"UK(Northern Ireland)","27.7.g","OTB_DEF_100-119",3.754,0.155494699170893
2016,"UK(Northern Ireland)","27.7.g","SSC_DEF",1.203,0.969139143440085
2016,"UK(Northern Ireland)","27.7.h","OTB_CRU",0.07,0.00757785131861295
2016,"UK(Northern Ireland)","27.7.h","OTB_DEF_100-119",1.952,0.0808539298832134
2016,"UK(Scotland)","27.7.e","MIS_MIS",0,0
2016,"UK(Scotland)","27.7.e","OTB_CRU",0,0
2016,"UK(Scotland)","27.7.e","OTB_DEF_100-119",0,0
2016,"UK(Scotland)","27.7.g","MIS_MIS",0,0
2016,"UK(Scotland)","27.7.g","OTB_CRU",0.403,0.0436267725914431
2016,"UK(Scotland)","27.7.g","OTB_DEF_100-119",0.677,0.0280420648211759
2016,"UK(Scotland)","27.7.j.","MIS_MIS",0,0
2016,"UK(Scotland)","27.7.j.","OTB_CRU",0.21,0.0227335539558388
2016,"UK(Scotland)","27.7.j.","OTB_DEF_100-119",4.054,0.16792102036196
2017,"Belgium","27.7.e","OTB_CRU",0.006,0.000353081943594044
2017,"Belgium","27.7.e","SSC_DEF",0.024,0.000922674195921674
2017,"Belgium","27.7.f","OTB_CRU",0.325,0.0191252719446774
2017,"Belgium","27.7.g","OTB_CRU",9.261,0.544981979937407
2017,"Belgium","27.7.g","TBB_DEF",72.369,6.384
2017,"France","27.7.e","MIS_MIS",2.54314,0
2017,"France","27.7.e","OTB_CRU",0.0259,0.000518790298704618
2017,"France","27.7.e","OTB_DEF_100-119",21.65864,0.366087241647101
2017,"France","27.7.e","OTB_DEF_70-99_0",10.70996,2.49888588675282
2017,"France","27.7.f","MIS_MIS",1.81552,0
2017,"France","27.7.f","OTB_CRU",0.00511,0.000102355923798479
2017,"France","27.7.f","OTB_DEF_100-119",5.0644,0.085601507139764
2017,"France","27.7.f","OTB_DEF_70-99_0",2.44847,0.571285712284423
2017,"France","27.7.f","SSC_DEF",0.39974,0.0153679076282387
2017,"France","27.7.g","MIS_MIS",21.59312,0
2017,"France","27.7.g","OTB_CRU",92.11007,1.84501199725881
2017,"France","27.7.g","OTB_DEF_100-119",1026.43168,17.34936
2017,"France","27.7.g","OTB_DEF_70-99_0",73.94172,17.252344597947
2017,"France","27.7.g","SSC_DEF",39.10637,1.50343493729856
2017,"France","27.7.h","MIS_MIS",8.81152,0
2017,"France","27.7.h","OTB_CRU",4.11506,0.0824267647331053
2017,"France","27.7.h","OTB_DEF_100-119",181.73714,3.07182945408544
2017,"France","27.7.h","OTB_DEF_70-99_0",83.6653,19.521084801525
2017,"France","27.7.h","SSC_DEF",1.78242,0.0685247058456129
2017,"Ireland","27.7.g","MIS_MIS",42.113,1.92733593679896
2017,"Ireland","27.7.g","OTB_CRU",126.241,10.60847
2017,"Ireland","27.7.g","OTB_DEF_100-119",224.98,18.90583
2017,"Ireland","27.7.g","OTB_DEF_70-99_0",66.947,5.62579
2017,"Ireland","27.7.g","SSC_DEF",71.301,2.7411497018088
2017,"Ireland","27.7.g","TBB_DEF",45.459,7.8603
2017,"Ireland","27.7.h","OTB_CRU",0,0
2017,"Ireland","27.7.j","MIS_MIS",2.362,0.108098864548219
2017,"Ireland","27.7.j","OTB_CRU",0.342,0.00684
2017,"Ireland","27.7.j","OTB_DEF_100-119",32.83,0.65712
2017,"Ireland","27.7.j","OTB_DEF_70-99_0",10.39,0.20797
2017,"Ireland","27.7.j","SSC_DEF",0,0
2017,"Ireland","27.7.k","OTB_CRU",0,0
2017,"Netherlands","27.7.e","SSC_DEF",0.113,0.00434425767246455
2017,"UK (Channel Island Guernsey)","27.7.e","MIS_MIS",0.436,0.0199538970969617
2017,"UK (Channel Island Jersey)","27.7.e","MIS_MIS",0.02,0.000915316380594572
2017,"UK (England)","27.7.e","MIS_MIS",18.579,0
2017,"UK (England)","27.7.e","OTB_CRU",1.534,0.0902712835788772
2017,"UK (England)","27.7.e","OTB_DEF_100-119",8.846,0
2017,"UK (England)","27.7.e","OTB_DEF_70-99_0",16.431,0
2017,"UK (England)","27.7.e","TBB_DEF",10.955,4.1297400185701
2017,"UK (England)","27.7.f","MIS_MIS",7.865,0
2017,"UK (England)","27.7.f","OTB_CRU",0.115,0.00676740391888584
2017,"UK (England)","27.7.f","OTB_DEF_100-119",0.577,0
2017,"UK (England)","27.7.f","OTB_DEF_70-99_0",3.068,0
2017,"UK (England)","27.7.f","TBB_DEF",7.788,2.93586629526462
2017,"UK (England)","27.7.g","MIS_MIS",37.731,0
2017,"UK (England)","27.7.g","OTB_CRU",0.83,0.0488430021971761
2017,"UK (England)","27.7.g","OTB_DEF_100-119",2.912,0
2017,"UK (England)","27.7.g","OTB_DEF_70-99_0",0.277,0
2017,"UK (England)","27.7.g","TBB_DEF",8.336,3.14244753946147
2017,"UK (England)","27.7.h","MIS_MIS",9.9,0
2017,"UK (England)","27.7.h","OTB_CRU",4.321,0.254277846378311
2017,"UK (England)","27.7.h","OTB_DEF_100-119",1.335,0
2017,"UK (England)","27.7.h","OTB_DEF_70-99_0",0.014,0
2017,"UK (England)","27.7.h","TBB_DEF",8.409,3.16996657381616
2017,"UK (England)","27.7.j","MIS_MIS",12.988,0
2017,"UK (England)","27.7.j","OTB_DEF_100-119",14.861,0
2017,"UK (England)","27.7.j","OTB_DEF_70-99_0",0.593,0
2017,"UK (England)","27.7.k","OTB_DEF_100-119",0.033,0
2017,"UK(Northern Ireland)","27.7.g","OTB_CRU",3.913,0.230268274213916
2017,"UK(Northern Ireland)","27.7.g","OTB_DEF_100-119",1.433,0.0410537007591211
2017,"UK(Northern Ireland)","27.7.g","OTB_DEF_70-99_0",0.055,0.00672534332761627
2017,"UK(Northern Ireland)","27.7.g","SSC_DEF",0.249,0.00957274478268737
2017,"UK(Northern Ireland)","27.7.j","SSC_DEF",0.036,0.00138401129388251
2017,"UK(Scotland)","27.7.f","MIS_MIS",0.12,0.00549189828356743
2017,"UK(Scotland)","27.7.j.","OTB_DEF_100-119",3.375,0.0966896301898351
2018,"Belgium","27.7.e","OTB_CRU",0.038,0.00336594665788607
2018,"Belgium","27.7.e","SSC_DEF",0.023,0.00763336427810614
2018,"Belgium","27.7.f","OTB_CRU",0.07,0.00620042805400066
2018,"Belgium","27.7.g","OTB_CRU",9.325,0.825985594336516
2018,"Belgium","27.7.g","TBB_DEF",39.159,6.71
2018,"France","27.7.e","MIS_MIS",0.71458,3.31470935477514
2018,"France","27.7.e","OTB_CRU",0.00156,0.000138180968060586
2018,"France","27.7.e","OTB_DEF_100-119",12.02413,1.94217267521743
2018,"France","27.7.e","OTB_DEF_70-99_0",8.35289,0.475533664163035
2018,"France","27.7.f","MIS_MIS",0.76346,3.54144812896614
2018,"France","27.7.f","OTB_DEF_100-119",1.49521,0.241510696051344
2018,"France","27.7.f","OTB_DEF_70-99_0",2.2561,0.128440755201879
2018,"France","27.7.f","SSC_DEF",0.0236,0.00783249552014369
2018,"France","27.7.g","MIS_MIS",13.25363,61.4793743817745
2018,"France","27.7.g","OTB_CRU",19.43765,1.72173929091208
2018,"France","27.7.g","OTB_DEF_100-119",373.13483,60.26983
2018,"France","27.7.g","OTB_DEF_70-99_0",43.98609,2.50414725321476
2018,"France","27.7.g","SSC_DEF",0.00293,0.000972424231950043
2018,"France","27.7.h","MIS_MIS",5.56342,25.7556259883331
2018,"France","27.7.h","OTB_CRU",0.78372,0.0694199924925914
2018,"France","27.7.h","OTB_DEF_100-119",73.5114,11.873776514141
2018,"France","27.7.h","OTB_DEF_70-99_0",51.07624,2.90779257943904
2018,"France","27.7.j","MIS_MIS",1.38257,6.46461251704702
2018,"France","27.7.j","OTB_DEF_100-119",0.72967,0.117858434325469
2018,"France","27.7.j","OTB_DEF_70-99_0",2.56709,0.146145551292581
2018,"Ireland","27.7.g","MIS_MIS",29.301,4.74983612645686
2018,"Ireland","27.7.g","OTB_CRU",130.195,11.4726
2018,"Ireland","27.7.g","OTB_DEF_100-119",273.822,24.12881
2018,"Ireland","27.7.g","OTB_DEF_70-99_0",62.843,5.53763
2018,"Ireland","27.7.g","SSC_DEF",95.762,31.78201
2018,"Ireland","27.7.g","TBB_DEF",70.932,16.23951
2018,"Ireland","27.7.h","OTB_CRU",0,0
2018,"Ireland","27.7.j","MIS_MIS",0.259,0.0419851730914415
2018,"Ireland","27.7.j","OTB_CRU",0.396,0.09483
2018,"Ireland","27.7.j","OTB_DEF_100-119",38.933,9.32351
2018,"Ireland","27.7.j","OTB_DEF_70-99_0",3.457,0.82787
2018,"Ireland","27.7.j","SSC_DEF",0,0
2018,"Ireland","27.7.k","OTB_CRU",0,0
2018,"Netherlands","27.7.e","SSC_DEF",0.496,0.164615160084376
2018,"Spain","27.7.g","OTB_DEF_70-99_0",0,0
2018,"Spain","27.7.h","OTB_DEF_70-99_0",0,0.043
2018,"Spain","27.7.j.","OTB_DEF_70-99_0",0,0.523
2018,"Spain","27.7.k.","OTB_DEF_70-99_0",0,0.022
2018,"UK (Channel Island Guernsey)","27.7.e","MIS_MIS",0.144,0.0233431078191798
2018,"UK (Channel Island Jersey)","27.7.e","MIS_MIS",0.024,0.00389051796986331
2018,"UK (England)","27.7.e","MIS_MIS",12.108,0
2018,"UK (England)","27.7.e","OTB_CRU",0.271,0.0240045143233454
2018,"UK (England)","27.7.e","OTB_DEF_100-119",5.424,0.741152469923632
2018,"UK (England)","27.7.e","OTB_DEF_70-99_0",8.674,0
2018,"UK (England)","27.7.e","SSC_DEF",0.213,0.0706915909233307
2018,"UK (England)","27.7.e","TBB_DEF",5.327,1.19798837427339
2018,"UK (England)","27.7.f","MIS_MIS",6.985,0
2018,"UK (England)","27.7.f","OTB_CRU",0.112,0.00992068488640105
2018,"UK (England)","27.7.f","OTB_DEF_100-119",0.429,0.0586199132738271
2018,"UK (England)","27.7.f","OTB_DEF_70-99_0",2.598,0
2018,"UK (England)","27.7.f","TBB_DEF",11.139,7.52418832427027
2018,"UK (England)","27.7.g","MIS_MIS",18.599,0
2018,"UK (England)","27.7.g","OTB_CRU",2.252,0.199476628251564
2018,"UK (England)","27.7.g","OTB_DEF_100-119",6.778,0.926167301095571
2018,"UK (England)","27.7.g","OTB_DEF_70-99_0",0.073,0
2018,"UK (England)","27.7.g","TBB_DEF",5.636,3.63913938371148
2018,"UK (England)","27.7.h","MIS_MIS",5.227,0
2018,"UK (England)","27.7.h","OTB_CRU",3.806,0.337126131050379
2018,"UK (England)","27.7.h","OTB_DEF_100-119",3.786,0.51733098287811
2018,"UK (England)","27.7.h","TBB_DEF",4.308,2.40939958747422
2018,"UK (England)","27.7.j","MIS_MIS",5.962,0
2018,"UK (England)","27.7.j","OTB_CRU",0.895,0.0792769015475799
2018,"UK (England)","27.7.j","OTB_DEF_100-119",10.554,1.44213185242884
2018,"UK (England)","27.7.j","OTB_DEF_70-99_0",0.181,0
2018,"UK (England)","27.7.k","OTB_DEF_70-99_0",0.041,0
2018,"UK(Northern Ireland)","27.7.g","OTB_CRU",1.73,0.153239150477445
2018,"UK(Northern Ireland)","27.7.g","OTB_DEF_100-119",2.35,0.321111413038447
2018,"UK(Northern Ireland)","27.7.h","OTB_DEF_100-119",0.85,0.116146681311779
2018,"UK(Northern Ireland)","27.7.k","OTB_CRU",0,0
2018,"UK(Scotland)","27.7.e","OTB_CRU",0.153,0.0135523641751729
2018,"UK(Scotland)","27.7.g","OTB_CRU",0.17,0.0150581824168587
2018,"UK(Scotland)","27.7.g","OTB_DEF_100-119",0.401,0.0547939049482626
2018,"UK(Scotland)","27.7.h","OTB_DEF_100-119",0.718,0.0981097849198318
2018,"UK(Scotland)","27.7.j.","OTB_DEF_100-119",2.179,0.297745433621607
2019,"Belgium","27.7.e","OTB_CRU",0.022,0.00167328118514735
2019,"Belgium","27.7.e","SSC_DEF",0.005,0.00582688454371657
2019,"Belgium","27.7.g","OTB_CRU",7.645,0.581465211838703
2019,"Belgium","27.7.g","TBB_DEF",35.784,14.995
2019,"Belgium","27.7.j","OTB_CRU",0.007,0.00053240764981961
2019,"France","27.7.e","MIS_MIS",1.79298,0
2019,"France","27.7.e","OTB_CRU",3.41462,0.25970997274672
2019,"France","27.7.e","OTB_DEF_100-119",42.83719,0.48182
2019,"France","27.7.e","OTB_DEF_70-99_0",13.31509,0.716688991369711
2019,"France","27.7.f","MIS_MIS",0.35832,0
2019,"France","27.7.f","OTB_CRU",0.30965,0.0235514326809489
2019,"France","27.7.f","OTB_DEF_100-119",1.62,0.01146
2019,"France","27.7.f","OTB_DEF_70-99_0",0.38734,0.000731882225302263
2019,"France","27.7.g","MIS_MIS",9.04975,0
2019,"France","27.7.g","OTB_CRU",15.51336,1.17991879120079
2019,"France","27.7.g","OTB_DEF_100-119",145.29974,42.18377
2019,"France","27.7.g","OTB_DEF_70-99_0",42.6475,17.2778423056181
2019,"France","27.7.g","SSC_DEF",0.1163,0.135533334486848
2019,"France","27.7.h","MIS_MIS",4.62779,0
2019,"France","27.7.h","OTB_CRU",0.03051,0.00232053677085661
2019,"France","27.7.h","OTB_DEF_100-119",63.27955,6.74633
2019,"France","27.7.h","OTB_DEF_70-99_0",24.16287,3.51053507966133
2019,"Ireland","27.7.g","MIS_MIS",28.254,0
2019,"Ireland","27.7.g","OTB_CRU",125.034,9.52888
2019,"Ireland","27.7.g","OTB_DEF_100-119",193.037,33.1766
2019,"Ireland","27.7.g","OTB_DEF_70-99_0",18.78,3.22765
2019,"Ireland","27.7.g","SSC_DEF",64.122,74.7263
2019,"Ireland","27.7.g","TBB_DEF",70.952,5.35283
2019,"Ireland","27.7.h","OTB_CRU",0,0
2019,"Ireland","27.7.j","MIS_MIS",6.185,0
2019,"Ireland","27.7.j","OTB_CRU",0.25,0
2019,"Ireland","27.7.j","OTB_DEF_100-119",27.651,22.12526
2019,"Ireland","27.7.j","OTB_DEF_70-99_0",1.626,1.30106
2019,"Ireland","27.7.j","SSC_DEF",18.524,21.58744
2019,"Ireland","27.7.j","TBB_DEF",0.042,0.00317
2019,"UK (Channel Island Guernsey)","27.7.e","MIS_MIS",0.43,0.125548652666987
2019,"UK (Channel Island Jersey)","27.7.e","MIS_MIS",0.194,0.0566428805055709
2019,"UK (England)","27.7.e","FPO_CRU_0_0_0",0.029,0.00846723471475029
2019,"UK (England)","27.7.e","MIS_MIS",8.25,0
2019,"UK (England)","27.7.e","OTB_CRU",0.141,0.0107242112320807
2019,"UK (England)","27.7.e","OTB_DEF_100-119",4.76,1.05228284255017
2019,"UK (England)","27.7.e","OTB_DEF_70-99_0",6.589,8.23586831103679
2019,"UK (England)","27.7.e","TBB_DEF",6.584,5.85419742042854
2019,"UK (England)","27.7.f","FPO_CRU_0_0_0",0.375,0.109490104070047
2019,"UK (England)","27.7.f","MIS_MIS",4.621,0
2019,"UK (England)","27.7.f","OTB_CRU",0.135,0.0102678618179496
2019,"UK (England)","27.7.f","OTB_DEF_100-119",0.499,0.110312844208515
2019,"UK (England)","27.7.f","OTB_DEF_70-99_0",4.228,1.56364632107023
2019,"UK (England)","27.7.f","TBB_DEF",7.426,10.9236750572082
2019,"UK (England)","27.7.g","FPO_CRU_0_0_0",0.021,0.00613144582792263
2019,"UK (England)","27.7.g","MIS_MIS",14.437,0
2019,"UK (England)","27.7.g","OTB_CRU",0.905,0.0688327032981067
2019,"UK (England)","27.7.g","OTB_DEF_100-119",3.721,0.822593373346465
2019,"UK (England)","27.7.g","OTB_DEF_70-99_0",0.103,0.0933114548494983
2019,"UK (England)","27.7.g","TBB_DEF",3.098,6.79322883295194
2019,"UK (England)","27.7.h","MIS_MIS",0.671,0
2019,"UK (England)","27.7.h","OTB_CRU",2.414,0.183604580952077
2019,"UK (England)","27.7.h","OTB_DEF_100-119",1.962,0.433735070815846
2019,"UK (England)","27.7.h","OTB_DEF_70-99_0",0.088,0.0797224080267559
2019,"UK (England)","27.7.h","TBB_DEF",1.888,2.60125317245683
2019,"UK (England)","27.7.j","MIS_MIS",1.701,0
2019,"UK (England)","27.7.j","OTB_DEF_100-119",5.779,1.27755095527257
2019,"UK (England)","27.7.j","OTB_DEF_70-99_0",0.577,0.52272533444816
2019,"UK(Northern Ireland)","27.7.g","OTB_CRU",1.096,0.0833598263146132
2019,"UK(Northern Ireland)","27.7.g","OTB_DEF_100-119",0.125,0.0276334780081452
2019,"UK(Scotland)","27.7.h","OTB_DEF_100-119",0.139,0.0307284275450574
2019,"UK(Scotland)","27.7.j","OTB_DEF_100-119",0,0
2019,"UK(Scotland)","27.7.j.","OTB_CRU",0.06,0.00456349414131094
2019,"UK(Scotland)","27.7.j.","OTB_DEF_100-119",1.155,0.255333336795261
